"nmr" <- 
c(-12.06249, -10.864380000000001, -7.9714720000000003, 
	-8.3772169999999999, -10.93501, -10.4902, -11.048550000000001,
	-12.930249999999999, -10.83741, -6.9829480000000004, 
	-8.1689089999999993, -10.803929999999999, -11.805479999999999,
	-7.8262780000000003, -9.99939, -10.879810000000001, 
	-9.5401659999999993, -9.7050929999999997, -8.7592839999999992,
	-13.12471, -9.2382229999999996, -10.00109, -9.3822969999999994,
	-8.7775920000000003, -11.173640000000001, -8.4517179999999996,
	-9.6140439999999998, -10.17361, -6.7173870000000004, 
	-9.0152660000000004, -9.3791820000000001, -10.37326, 
	-8.5752159999999993, -8.7899969999999996, -8.7457930000000008,
	-10.58206, -7.4934130000000003, -9.6005839999999996, 
	-7.7364940000000004, -7.6421229999999998, -8.5931610000000003,
	-7.4104279999999996, -8.8121939999999999, -8.4935860000000005,
	-9.7159270000000006, -11.245760000000001, -7.5915299999999997,
	-10.11786, -12.60741, -10.751580000000001, -8.3360810000000001,
	-8.9785190000000004, -8.8588939999999994, -10.14658, 
	-9.2764539999999993, -10.49465, -9.5852939999999993, 
	-9.4049320000000005, -9.8625620000000005, -8.7147550000000003,
	-7.5197510000000003, -6.0606439999999999, -10.389110000000001,
	-8.7538699999999992, -12.21641, -9.8090309999999992, -10.59868,
	-8.5073880000000006, -7.5573899999999998, -10.098000000000001,
	-7.2984960000000001, -9.6286330000000007, -10.607860000000001,
	-11.45842, -10.42647, -11.948359999999999, -9.3270789999999995,
	-6.8975140000000001, -7.6475609999999996, -9.4375330000000002,
	-7.27536, -6.8671309999999997, -4.7008960000000002, 
	-7.0370549999999996, -9.930911, -9.6900510000000004, 
	-7.5816169999999996, -8.5638439999999996, -10.25305, 
	-9.3194040000000005, -6.572292, -10.62153, -11.82644, 
	-6.3331569999999999, -8.3984170000000002, -8.1432649999999995,
	-8.2931170000000005, -7.5196730000000001, -9.9486500000000007,
	-8.6454120000000003, -11.44843, -8.1210989999999992, 
	-8.6595300000000002, -8.3878769999999996, -11.838480000000001,
	-11.41738, -11.72644, -8.2870880000000007, -10.35427, -6.920712,
	-8.8245179999999994, -7.9446139999999996, -7.4165570000000001,
	-10.99071, -9.1128669999999996, -6.5881020000000001, 
	-6.8466820000000004, -10.12321, -5.652647, -9.9590680000000003,
	-10.066929999999999, -12.68488, -9.2499680000000009, 
	-7.8780729999999997, -9.1433029999999995, -5.792071, 
	-8.7655759999999994, -3.6136219999999999, -5.7074069999999999,
	-8.8208559999999991, -8.3386910000000007, -10.416790000000001,
	-10.82009, -7.9487490000000003, -9.2876849999999997, 
	-8.1450239999999994, -10.49155, -9.5934220000000003, 
	-9.5854090000000003, -11.735670000000001, -10.43835, 
	-8.4114900000000006, -6.8178400000000003, -8.8079359999999998,
	-10.480169999999999, -9.0252510000000008, -9.4070199999999993,
	-9.8009959999999996, -9.5072779999999995, -9.05396, 
	-9.2656749999999999, -10.106, -8.6937610000000003, 
	-8.6672019999999996, -9.7450399999999995, -10.30185, 
	-6.2836559999999997, -8.0521910000000005, -5.6631840000000002,
	-5.8914619999999998, -5.0932370000000002, -7.9071730000000002,
	-6.1161770000000004, -2.619507, -3.3175780000000001, 
	-4.5239760000000002, -6.5560700000000001, -3.303096, -6.869421,
	-3.8818790000000001, -4.4937829999999996, -8.2529520000000005,
	-4.94618, -2.5294690000000002, -2.7917450000000001, -3.095977,
	-3.9763199999999999, -5.9931760000000001, -5.8406950000000002,
	-5.0371829999999997, -5.9978210000000001, -2.9958819999999999,
	-6.081156, -5.7610060000000001, -5.0136789999999998, 
	-6.6327780000000001, -8.6321259999999995, -5.3688079999999996,
	-7.7451189999999999, -10.186859999999999, -6.8699810000000001,
	-3.4662480000000002, -0.63229000000000002, -7.7979589999999996,
	-6.2018250000000004, -9.1945040000000002, -6.4975620000000003,
	-7.4734179999999997, -7.0333730000000001, -4.1630940000000001,
	-3.8601109999999998, -3.5647690000000001, 0.398561, 
	-4.4910180000000004, -0.54210599999999998, -7.5558860000000001,
	-10.016069999999999, -6.94611, -8.1226339999999997, 
	-8.1575880000000005, -3.6158429999999999, -6.0185219999999999,
	-5.9772040000000004, -3.678604, -5.6517920000000004, 
	-9.4072849999999999, -6.8369520000000001, -7.3101469999999997,
	-2.2265969999999999, -4.0186679999999999, -4.6799359999999997,
	-5.3308289999999996, -7.6675240000000002, -2.0290520000000001,
	-5.8341370000000001, -6.492864, -11.45537, -8.7261670000000002,
	-8.0256810000000005, -6.2927010000000001, -9.4079960000000007,
	-7.3379729999999999, -9.2222390000000001, -7.7312719999999997,
	-5.3904019999999999, -3.348516, -5.2614869999999998, 
	-7.5333889999999997, -3.231878, -4.0069080000000001, 
	-5.8742710000000002, -3.9074559999999998, -6.7397419999999997,
	-6.0433490000000001, -6.9694000000000003, -5.722925, 
	-4.2603080000000002, -5.7808619999999999, -4.2896570000000001,
	-1.7673810000000001, -6.3545210000000001, -6.7136670000000001,
	-8.8488799999999994, -6.2172330000000002, -3.5833159999999999,
	-3.0948159999999998, -8.6415469999999992, -4.7244219999999997,
	-7.0197250000000002, -8.6662130000000008, -5.7568219999999997,
	-4.4398260000000001, -6.436388, -7.5759090000000002, 
	-5.6459760000000001, -3.4269189999999998, -6.5616589999999997,
	-6.7907869999999999, -6.5825259999999997, -6.8506090000000004,
	-1.9248270000000001, -1.9016489999999999, -4.7640659999999997,
	-5.1863169999999998, -2.5205000000000002, -3.6442580000000002,
	-6.5392020000000004, -2.3182149999999999, -5.0193700000000003,
	-2.7070500000000002, 1.271981, -3.3858299999999999, 
	-3.8687269999999998, -5.9492989999999999, -6.3155770000000002,
	-4.4553370000000001, -4.6804350000000001, -7.5994020000000004,
	-4.6700270000000002, -4.9134659999999997, -7.0483159999999998,
	-7.9099149999999998, -3.95105, -5.0536490000000001, 
	-4.8993520000000004, -0.784551, -3.8157079999999999, 
	-3.1276630000000001, -5.1197160000000004, -5.1308749999999996,
	0.055111, -2.0544319999999998, -1.0037720000000001, 
	0.38467800000000002, -1.851059, -3.1004510000000001, 
	-3.4492219999999998, -2.6585350000000001, -1.7807200000000001,
	-1.3125599999999999, -5.350651, -5.8548809999999998, -5.509099,
	1.8680000000000001, -2.6425339999999999, 0.12304900000000001,
	-2.8841220000000001, -2.1887560000000001, -1.116695, -1.865194,
	-2.7213799999999999, -5.0792580000000003, -3.9291520000000002,
	-4.0445149999999996, -3.5151750000000002, -1.0787059999999999,
	-3.6328909999999999, -4.5208899999999996, -3.9277329999999999,
	-4.6735569999999997, -2.8171979999999999, -0.88008200000000003,
	-1.319995, -1.6589860000000001, -4.0800090000000004, -5.26363,
	-4.9723269999999999, -2.728513, -4.9983399999999998, 
	-5.5633439999999998, -6.6223989999999997, -3.8339789999999998,
	-2.8147419999999999, -3.1965509999999999, -3.431263, 
	-6.2571620000000001, -7.1826530000000002, -4.1092890000000004,
	-2.0120339999999999, -1.2077690000000001, -1.2589429999999999,
	-0.69610399999999995, -5.0536000000000003, -3.5226130000000002,
	-4.820443, -1.6914940000000001, -6.0730519999999997, -1.75911,
	2.3661059999999998, 4.6635970000000002, 4.1420149999999998,
	2.5736680000000001, 4.5002040000000001, 5.4010090000000002,
	2.8131439999999999, 7.617445, 8.9100470000000005, 
	10.400650000000001, 10.72162, 11.07709, 13.83507, 
	17.168530000000001, 10.99428, 9.5328090000000003, 10.59665,
	12.839729999999999, 13.59125, 14.420909999999999, 12.2409,
	11.19782, 14.37758, 11.035450000000001, 5.5751220000000004,
	6.9815849999999999, 8.2850909999999995, 4.1687269999999996,
	9.377497, 6.5777159999999997, 4.70139, 6.599672, 11.44018,
	11.50455, 10.089779999999999, 12.338749999999999, 11.34896,
	11.077870000000001, 14.33315, 13.96481, 15.5806, 19.39433,
	21.872620000000001, 21.055260000000001, 13.26793, 
	11.516640000000001, 12.66865, 12.3857, 14.31195, 11.96759,
	14.024430000000001, 13.89476, 8.2936800000000002, 
	9.9811049999999994, 10.996130000000001, 11.203340000000001,
	11.848089999999999, 13.626300000000001, 10.604100000000001,
	13.280379999999999, 14.359400000000001, 13.648849999999999,
